0,52190,53112
1,52190,53112
0,62666,68306
1,62666,69386
2,62666,69386
3,62866,69386
4,62666,69386
5,62666,69386
6,62866,69386
7,62666,69386
8,62866,69387
9,62866,69387
10,62867,69387
11,62867,69387
12,62867,69387
13,62867,69387
14,62867,69387
15,62667,69387
2,75581,77662
3,75581,77663
4,75781,77663
5,75781,77663
0,75780,79182
4,77820,79182
14,75782,79183
15,75782,79183
1,75780,79302
2,77820,79302
3,77820,79302
5,78020,79302
6,75781,79302
7,75581,79302
8,75781,79303
9,75781,79303
10,75981,79303
11,75981,79303
12,75981,79303
13,75782,79303
3,109727,110649
11,109728,110650
10,109728,110850
9,109728,111050
6,109727,111129
8,109728,111130
13,109728,111130
14,109728,111130
15,109728,111250
4,109727,111329
5,109727,111329
12,109728,111330
7,109528,113448
3,124561,125443
10,124562,125444
5,124641,125643
6,124641,125644
12,124642,125644
13,124642,125644
14,124642,125644
15,124642,125645
8,124562,125764
4,124641,125843
9,124562,125844
11,124962,125844
7,123162,127563
8,130039,130962
3,131638,132760
4,131558,132761
5,131559,132761
0,131758,132840
11,131759,132961
1,131758,133040
2,131638,133040
8,131359,133041
9,131359,133041
10,131759,133041
12,131559,133041
13,131759,133041
14,131759,133041
6,131559,133161
15,131560,133241
7,131439,134240
0,135956,136958
8,136037,137039
3,135757,143796
4,135757,143796
5,135757,143796
6,135637,143797
8,138356,144156
9,136037,144157
10,135957,144157
11,135957,144157
12,135957,144157
13,135958,144157
14,135838,144157
15,135758,144157
0,138435,144316
1,135956,144316
2,135837,144316
7,135157,144516
0,153629,154511
7,151511,155112
7,157828,158910
7,159827,160710
1,164585,166947
2,164385,167147
7,164186,167147
4,164385,167587
5,164385,167587
3,164385,167666
6,164186,167667
15,164586,167668
14,164586,167947
0,167384,168386
8,166385,170946
0,168583,171145
9,165985,171146
10,164586,171306
11,164586,171506
14,168785,171506
12,164586,171706
13,164586,171706
1,169783,172025
2,169383,176743
3,168584,176743
4,168863,176863
5,169383,176863
15,168985,176864
6,169184,177063
0,176540,178022
7,169584,178023
9,178220,180142
10,178220,180142
11,178220,180142
12,178221,180142
13,178221,180143
14,178021,180143
15,177861,180143
0,178819,180701
7,178420,180702
1,178819,180861
2,178819,180861
3,178819,180861
4,178820,180861
5,178820,181021
6,178620,181021
0,207328,209489
1,207328,209490
0,213245,215287
1,213046,215487
2,213246,215687
7,212846,216087
6,212846,216287
3,213046,216647
4,212846,216847
5,213046,216847
9,215285,217767
10,215286,217967
11,215286,217967
12,215286,217967
13,215286,218087
14,215286,218087
15,213647,218407
0,226360,227962
0,228159,229801
9,234318,236279
10,234318,236280
11,234318,236280
12,234318,236280
13,234318,236280
14,234118,236280
15,234118,236280
1,234717,236679
5,234317,236679
2,234917,236839
3,234717,236839
4,234717,236839
6,234317,236839
7,234518,236839
0,262146,263268
1,261546,264068
0,264305,266267
9,264306,266467
5,261347,266867
6,261147,266867
1,264305,267306
3,261546,267307
4,261346,267307
2,261946,267506
7,260387,267907
8,267304,268746
9,266865,268946
10,264306,268947
11,264066,269146
12,264066,269147
13,264066,269147
14,263667,269147
15,263467,269347
1,284057,286299
2,284057,286499
3,283857,286499
4,283658,286499
5,284057,286499
6,283858,286499
7,283858,286699
8,286497,288698
15,285858,290058
14,286098,290258
0,288095,291657
1,288095,291657
2,288096,291857
3,287096,291857
4,286896,291857
5,286896,291857
7,289456,291857
8,290455,292857
9,286297,292857
0,292254,293896
1,292254,293896
2,292254,294056
5,292054,294056
7,292054,294056
3,292054,294176
6,286896,294176
8,293174,294776
9,292974,294976
14,290456,294977
15,290456,294977
10,286297,295416
13,286097,295416
11,286297,295616
12,286097,295616
0,294573,296295
5,294373,296295
1,294373,296495
6,294254,296495
2,294573,296735
3,294373,296735
4,292054,296735
9,303530,306251
1,303529,306331
3,303729,306331
10,303530,306332
11,303530,306332
12,303530,306332
13,303531,306332
14,303731,306332
15,303931,306332
2,303729,306451
4,303530,306451
5,303530,306451
6,303530,306571
7,303530,306571
0,347472,370265
2,367544,370385
3,367544,370385
4,367544,370385
5,367544,370386
6,327400,370386
7,327400,370386
2,384177,386379
4,383977,386459
5,383978,386459
3,383977,386579
6,383978,386579
7,383978,386659
6,389455,391657
5,389575,391857
4,390975,393056
3,392174,393256
2,392254,393656
0,400490,403892
1,402970,403892
2,402970,403892
1,410526,412848
6,410527,412849
7,410527,412849
8,410527,412849
9,410527,412849
10,410527,412849
11,410527,412849
12,410528,412849
13,410528,412850
14,410528,412850
15,410528,412850
2,410527,413248
5,410527,413648
0,413245,415367
1,413045,415367
3,410527,415368
4,410527,415368
3,416124,417886
6,419883,421685
3,418084,422085
2,419883,422284
4,415925,422285
1,420443,422484
5,418484,422685
7,421883,423644
15,421883,423845
0,427719,429281
2,436276,439358
0,438955,441277
4,436516,441677
5,436516,441677
6,436517,441677
3,436516,441877
2,439955,442196
5,448552,451473
6,448552,453112
7,452950,454872
15,452951,454873
6,483218,485020
7,483218,485020
10,483218,485020
11,483218,485020
12,483219,485020
13,483219,485021
14,483219,485021
15,483219,485021
5,491774,493656
11,492175,493857
13,491975,493857
7,492574,494696
15,492575,494697
15,497613,503173
7,496853,503932
1,510287,512208
2,510447,512209
3,510447,512209
4,510287,512209
5,510087,512209
6,510087,512209
7,510287,512209
8,510887,512489
9,510887,512489
10,510287,512569
11,510288,512569
12,510288,512569
13,510288,512569
14,510288,512570
15,510288,512570
6,512686,514648
14,512687,514649
6,520123,521925
11,520723,522525
10,520883,522725
9,521203,523085
3,523282,525083
12,523282,525284
14,523882,525684
6,523882,525883
9,532399,534560
14,532199,534561
15,531599,534561
10,531599,534760
11,531599,534760
12,532199,534760
13,532199,534761
0,533397,535559
1,533397,535559
2,533397,535559
3,533398,535759
4,533198,535759
5,533198,535760
6,533198,535760
7,531599,535959
5,551311,553512
6,550911,553512
10,568784,570426
6,575261,577223
7,575461,577623
2,586976,590297
3,586976,590497
4,586736,590497
5,586976,590497
6,586976,590498
7,586737,590498
0,599451,601013
1,599451,601013
2,599451,601013
4,599251,601133
5,599131,601133
3,599251,601213
6,598932,601213
7,598932,601213
8,600251,601773
9,600251,602173
10,600052,602173
11,600252,602173
12,600252,602173
13,600052,602174
14,600252,602373
15,599252,602573
7,610007,611529
8,610487,612369
9,610487,612369
10,610327,612369
11,610168,612369
12,610168,612369
13,610168,612370
14,610168,612370
0,611526,613368
1,611526,613368
2,611686,613568
3,611326,613728
4,611326,613728
5,611327,613728
6,611007,613928
7,612166,613928
15,609808,613929
0,626960,628722
1,626960,628722
5,626960,628722
2,626960,628802
3,626960,628802
4,626960,628802
6,626760,628802
7,626321,629122
8,627720,629282
9,627720,629482
10,627720,629482
11,627721,629482
12,627721,629483
13,627721,629483
14,627521,629682
15,626322,629882
8,637516,639318
9,637516,639478
10,637317,639478
11,637317,639479
12,637317,639479
13,637317,639479
14,637117,639479
15,636717,639479
0,638315,640077
1,638115,640237
2,638115,640237
3,638116,640237
4,638116,640238
5,638116,640238
6,638116,640238
7,637716,640238
7,656189,657951
7,672182,677423
1,688135,689697
6,687936,689898
2,688135,690097
5,688016,690098
7,688016,690098
3,688136,690297
4,688136,690297
9,688976,690898
10,688976,691217
12,688736,691218
14,688976,691218
11,688976,691298
13,688976,691298
15,688817,691298
9,698412,700214
13,698213,700214
14,697973,700214
15,697973,700215
10,698212,700414
11,698212,700414
12,698212,700414
1,699011,700973
6,699012,700973
5,699011,701173
7,698612,701173
2,699011,701373
3,698811,701373
4,699011,701373
1,709167,711369
2,709367,711369
7,709168,711569
3,709367,711769
4,709167,711769
5,709167,711769
6,709167,711769
10,709928,711969
11,709928,712169
12,709928,712169
13,709928,712170
14,709928,712170
15,709928,712170
8,715085,716527
9,714885,716727
12,714886,716728
13,714686,716728
14,714686,716728
10,714886,716927
11,714886,716927
6,715925,717727
0,715764,717886
1,715924,717966
3,715924,717966
4,715765,717966
5,715765,717967
7,716325,717967
15,716326,717967
2,715924,718086
0,724081,725723
1,726880,728842
6,726680,728842
2,726880,729042
3,726880,729042
5,726680,729042
7,726681,729042
4,726880,729242
9,727440,729682
10,727640,729842
11,727441,729842
12,727441,729842
13,727441,729842
14,727641,729843
15,726521,729922
8,741075,742957
9,741075,742957
10,740875,743157
11,740875,743157
12,740875,743157
13,740875,743157
14,740676,743157
15,740676,743157
0,741834,743916
1,741834,743916
2,741994,744116
5,741834,744116
3,741834,744316
4,741834,744316
6,741834,744316
7,741635,744516
0,755948,757510
1,755748,757510
2,755948,757710
5,755949,757711
3,755948,757910
4,755949,757911
6,755749,757911
8,756709,758710
9,756709,758910
10,756789,759110
13,756789,759111
11,756709,759310
12,756789,759311
14,756709,759311
15,756150,759311
7,755549,759510
8,763026,764788
9,762826,764988
14,762627,764988
15,762627,764989
10,762826,765148
11,762827,765148
12,762827,765148
13,762827,765148
0,763785,765747
1,763785,765747
2,763785,765947
3,763625,766147
4,763625,766147
5,763626,766147
6,763626,766147
7,763426,766347
0,768023,769825
1,767863,770025
2,768024,770025
3,768024,770185
4,767864,770185
5,767864,770186
6,767864,770346
7,767504,770346
8,768864,770905
9,768864,770906
10,769024,771066
13,769024,771066
14,768864,771066
11,768864,771226
12,768864,771226
15,768865,771386
6,777940,781781
7,777740,781981
7,785337,787459
12,787257,788979
13,787257,789179
15,788657,790178
4,793613,796815
5,793294,796815
6,793294,796815
7,793774,796815
0,794373,797014
1,794373,797014
2,793973,797414
3,793453,797414
8,796613,798814
9,796613,799174
10,796613,799174
12,795254,799175
11,795254,799374
13,796013,799375
14,796014,799574
15,796014,800174
9,809608,811369
10,809488,811569
11,809608,811570
12,809488,811570
13,809488,811570
14,809408,811570
15,809408,811570
2,810407,812168
3,810407,812169
7,810167,812169
4,810167,812369
5,810167,812369
6,810167,812369
0,811166,815367
1,810406,815567
3,813325,815567
4,812926,815567
5,812926,815567
6,813326,815568
7,812926,815568
2,813125,815727
8,814486,816407
10,814486,816767
11,814286,816767
9,814486,816927
13,814486,816928
12,814486,817607
4,817444,820565
3,817764,821805
4,822322,824164
4,830759,832321
2,840634,842236
11,842035,843437
7,857748,859710
15,857749,859711
5,858947,861229
14,858948,861790
0,859907,865507
1,859907,868106
0,866744,868466
1,878019,880221
2,878219,880221
3,878220,880221
4,878020,880421
5,878020,880421
6,877820,880422
7,877620,880621
9,879060,881541
10,879260,881741
12,879260,881742
13,879260,881742
11,879260,881941
14,879260,881942
15,878221,882102
9,966865,1107491
11,966865,1107491
12,966865,1107491
13,966865,1107491
14,1007009,1107571
10,966865,1107691
6,1007008,1107770
7,946792,1107771
8,966865,1107771
15,946793,1107891
0,966864,1108090
1,966864,1108090
2,986936,1108090
3,986936,1108090
0,1165984,1166866
1,1165984,1167066
0,1195092,1196175
0,1212286,1213168
1,1218083,1219165
0,1218083,1219765
0,1219882,1220965
0,1223481,1224403
15,1224402,1225884
2,1228999,1229881
6,1232798,1233680
7,1232798,1233680
10,1232798,1233681
11,1232798,1233681
12,1232799,1233681
14,1232799,1233681
15,1232799,1233681
6,1239595,1240477
7,1239595,1240478
10,1239596,1240478
11,1239596,1240478
12,1239596,1240478
13,1239596,1240478
14,1239596,1240478
15,1239596,1240478
4,1241594,1242476
7,1241595,1242597
15,1241595,1242597
0,1246792,1247674
7,1249191,1250274
15,1249192,1250274
7,1251670,1252793
15,1251671,1252793
6,1253989,1254872
7,1253990,1254992
15,1253870,1255192
10,1256389,1257671
12,1256589,1257671
11,1256589,1257791
3,1256988,1258070
4,1257068,1258070
5,1256988,1258070
6,1257068,1258190
7,1256389,1258191
15,1256469,1258191
14,1256589,1258791
0,1258587,1259469
6,1258788,1259670
12,1258788,1259670
7,1258788,1260469
6,1261586,1262469
7,1261587,1262469
12,1261587,1262869
13,1256589,1263469
15,1262587,1263669
14,1262387,1264668
13,1263786,1265068
14,1267385,1268267
13,1265985,1268467
7,1267464,1269266
13,1270384,1271386
15,1270584,1271466
14,1270384,1271666
7,1272062,1274104
12,1273502,1274384
15,1274902,1275984
14,1274902,1276704
4,1276300,1277302
5,1276300,1277383
6,1276301,1277503
7,1276381,1277503
0,1276700,1277582
13,1275302,1277583
12,1281099,1281981
12,1282499,1284180
11,1282499,1284580
12,1286497,1287979
13,1286697,1288179
14,1286577,1288299
15,1286577,1288379
10,1290695,1291777
11,1290575,1292097
12,1290695,1292177
4,1291294,1292296
5,1291294,1292377
13,1290895,1292377
6,1291374,1292576
7,1291495,1292777
14,1290376,1292777
15,1290496,1292977
13,1293694,1294776
12,1293694,1295176
15,1293295,1295176
10,1293894,1295776
11,1293894,1295776
1,1296692,1297574
14,1293295,1297975
10,1297692,1298574
14,1298093,1299574
15,1297093,1299774
8,1299092,1300374
11,1299692,1301493
12,1300491,1301773
4,1301090,1301973
5,1301090,1301973
6,1301091,1301973
7,1301091,1301973
10,1301091,1301973
13,1300691,1301974
14,1300772,1301974
15,1300892,1302093
10,1303490,1304372
15,1303291,1304373
12,1303370,1304492
3,1303089,1304571
13,1303370,1304572
14,1303370,1304572
4,1302890,1304771
5,1302770,1304891
6,1302690,1304892
7,1302490,1304892
